$ANSIBLE_VAULT;1.1;AES256
61323539363962666438663936343139666135366662393163316434663037643636633766616534
6438356233333264613837393333326466613830366664650a336238326166353631613431383264
38393838653239316331356230366638313533646162653332353232376265613931373661313565
3736393532626532660a303332353836653537666437306535316562623133393061316635306430
32393136353533613837346634653737633362316564363435373665373662643163656531616666
62383635666232306635613834626132303161366139343166353932613332666434633263346237
38373636326166326566313039653634626464393839383837333334643038313435333861393739
32636365636439303237376130326666313633353733336335353430353332393963613438393332
37636137366238353961326664346565326134373436626331646539646139643037613631663130
39356132313236346365356665316438653531353138353532363532646335353431666534396435
37613034363037323732373266646334643437613864393033383032626333613764376231663130
65396565663335356135303635346238326238383263623838373063636135383836346166313563
36363561373632666230303162396263663965313663366439333533376230623838323466653232
35356231313038623561643865316430353962366636613466663035336533636535303466373865
65323235373731623834666637636534333636313430663936393337373964353465316234646236
32323734643734313133313865363962643434356637363932366237336264633261653438383364
32306133363134313838646536303134373933363262666265343031666362623732306233343061
61363439346538396662363737313336383461646530336631346238393265366139396262316436
31303566343935316262383362633565613839613238633131653463386630313535656436306266
63353637383531376363653963373235333338343630396564393264613831623436636633336532
64626361353736326234623230626564646464363163336363363932336432326639396430303032
33613734306639386563333665656435346135653135313430306463366430356536373236633064
36383532366462363964636461376532376631353237353032323262656137356232666161643032
36663634393761366432353934363933396430306537633063303137643032343263616466656632
63656238303865383937646335633236376530383935363832353061313738333430363464313036
36623339336230343930623238353363386561373534356462353761343661383430643433363139
37653165353330316632623463613665646665363661313639393434633431386434343034653039
34396539623133313637643737366434336233353062313434306464616365323639313264323531
39366134393438326563363931653338383962346262633665373337643030396139356536616365
32333663383936623435616661623863323538343337343062646463623961333561316438323865
63303661633331613931646261326434343261623732376534653536333634346139666464323361
37316334343862323064643862636462353738346663626264643638633762303138653663336433
63393437366534373638363965646538303239653461643237306133616332323432393233393137
38396330623335376536343637623833303537343630363365633437346439333331333635356437
36653036346665663234396533313237326166633065336530616463366436663963653266303634
38626362326464353065653835383562336538313136626437373866656634356262386230386131
39616439313639636463623434323334383462343139653733656131353666393163313338316138
63636462386336663862396534613335333561353836333730613366326433623466646435656237
36643062313861366235366561353237646438636165326530393337353161313931306538613463
38396132623763653734306334336130643766313539383532656134323433643634393566646665
34343864373437313437333736366430613637626263653061373363663430303939353765626161
35306335636539626363376537636563393363343134373332326661313664386433636539653064
35316537323830316636613836343035636162353139386465653234373863383533343562666166
31626263623836663736373766643064373463616634306237393438346435326238613135666137
37393962323637646633333463393330356531653065626334653532656238363865393465306266
63633832383765666638643037633436353535336530323330336334393436643733373865396362
38396561666565333739646630396536353231613664656331353065396438653162343639346661
36336637613136336337653062353430616465646635353932643031326136333263363632646633
35333766393566373533333135666535376337376133656436333866316563363931613666303362
66343261393239346435363765336464363738346166306433636431643365383464613438636563
35323963626234643730326233383761653466373161613938646635616334343961643135356664
33353934366337616235343335663539343139336165393235326161643436663163613539643163
66373665313462386633323733333132633835653831626164653065326436376338613034653161
65383639643837396136653465663435323830346563613238343537636661653338336535623330
39313663636162383232373230323261303865623433623639613965623161303962653065303565
32653739326434643934316234623865633938353830633732666261343936373138313265633038
32633533393138363338303863366266323439653830613863346366373136323066303835373563
32653762636634326637633137326330666165396232663039653631633532306166386464653539
31633030366561623232346335383463363961396130383534653637303934393836396335393337
39646465636336636636303035303164303130336235643638353964616335323865396133313964
30346463366331316465306662613366643764336139313861313939313764353538663163383363
35316335643062363066346161353363303239383061303535646639353265396334626239383637
39653633633166363230396531636539666532656534363766343830626434646566623661393236
33326431636538653462383534303238313266333437666635623537353565636335666335346434
62393333366564376536636633333239656366363539333561303830393136623631663263316236
31373965373864663039636538636635336164643465336530303136323164663433616661646238
39313263363731306533386634336638356461376161616533376137393431323331343563656330
61346435343137353233636664303534633430613437393934646163393231626639363335316162
35666230333139613264306336303832383437656235633832626136303839313263613639366462
37633061356532613830333937306139636130343166363633363735323635303733303532323965
32653436366665313233336264626639643632363534663966313032666466666461376132653039
39303134323462363034643030313461306337336533626133666563383532313333613836343466
36386562396132373435623963333662643038383736376263303564323635623763663733343265
37376530313036336366646333646239343066373965383334646231653337656331636233666164
35613030363666393337303332396436666137336365383438343431336333623930643430653133
61376464393431653563366532346263666530663630373736623861393933623037383864666232
34353562303762393461366565343935386664643561353461343137383138656236313061353065
61346538363962633433383837633137326438613961666661333066306337636439656534653332
32306439656265663264666462303664383737623135666430303465616333366330343332643665
31633736323836613565